312109886
281190929
273785783
318084591
313473783
304802040
306465888
317254943
318253700
315084051
313977043
306102473
316931554
316852533
316180880
315661644
311436407
316176615
316253664
316752541
313994441
312472467
315335753
316930790
317648831
312199813
305081936
291904832
313876942
314574928
312111784
311324170
314543892
313649206
317329233
317517605
314878229
316095849
317685863
312981408
314977509
311547387
318071134
316758744
316768850
314552633
314941618
310082840
316209969
311514087
317001942
318206478
312382766
316048417
311107012
315057170
316098346
306979592
316492297
312594302
312361219
313815071
315838743
308565276
304009789
310303733
317600485
305483943
310090503
310776485
317971599
317766290
314451893
313901256
305616575
314977935
311639894
303788323
310227153
315821547
301371412
293627896
311005364
300673308
298471337
317090833
317846748
313709568
314197028
317244505
311250167
317632775
293901027
317251982
316034454
306879113
315991479
317976994
317967264
316384197
313407322
314987158
318063329
313242074
309750616
310497743
317804769
315249129
298931292
281245648
310964025
317784386
317760313
317011061
306981723
312043380
300491354
310355830
317580152
309483278
313837244
310959662
300061997
316511469
305734589
316357717
316448006
317917212
318178963
317786683
314185808
317195941
307816950
307507405
313693260
317329533
316960527
314935197
315062312
316574886
302645057
318023050
310130587
293983523
307369491
317760128
307480802
313729634
309052123
286994423
289617771
315737337
305855911
309464785
315751501
315888577
312981506
318228187
318145643
314966796
305707050
302651645
316222000
312549277
315143889
315597955
316327617
316823430
314055509
311027198
309060800
310143309
316394984
313235366
306032640
305880999
317920122
306888487
318125374
314405612
312064129
306136615
306832953
316229671
310028629
302390488
313835577
307271250
312010772
317738819
313242128
318017023
313540949
307475357
309029409
309070316
305752208
313385804
316955370
291970746
307034143
317977772
318009740
311690375
313051177
316113110
310635089
313909868
312594988
315729205
309761641
300573427
309615215
314322121
317150785
317577179
316792752
315662162
317045231
315200634
310237583
314209824
317566056
312761647
316235853
316068723
315738811
316961934
315949956
317042784
275590018
317200373
290816088
317727641
315395094
304555495
318077757
313384959
317130796
297790840
317954612
312648874
314856128
315813086
306913614
315335243
309252367
318061315
317631825
312480738
314260279
316239517
309697843
316560642
312110938
315447065
310556947
311908329
317306867
317335822
318151236
311405812
315442679
307877459
308960169
317138436
295433067
317247379
317398175
313773424
301935213
316288622
307148980
314394554
299919535
317922085
254273486
317759522
312601001
313843391
314397169
306687412
314456317
317828476
318052668
307490741
312619181
310972553
318142755
317543487
302493806
317096619
312190401
318105492
298916852
316048434
313582808
318275996
317997027
317085951
314195776
317722343
316773588
315920016
317204043
318232418
317982374
290682189
315878761
307693569
295153834
297229238
316067949
305675517
313208105
313449428
316855981
314448734
300026608
304742606
318236327
314709177
316485213
310255339
317663694
313865752
275122184
314069368
318166304
315766691
316480164
315180665
312066796
317935991
307487430
308230106
318250030
298987286
306920618
312457318
316069087
317801434
318155806
317412784
318163345
314387815
313895897
317863630
313754039
304891145
316600280
318274055
317816146
311696049
292755623
313680300
305931906
308183156
316514554
317487675
317949637
315704607
311652266
289860506
317977106
318140655
313536060
299973577
317717167
312215560
309200866
318231299
316441152
310413483
317782323
317893509
313865629
306760420
308122127
315925366
316832825
312137745
313235382
317988174
316150881
315620624
309619409
313315974
313136651
314230289
316952129
309911489
310398987
313535007
314883628
316592232
317826222
317776174
317079054
315311537
317669105
296471959
316208836
305279142
311497719
317367869
316821999
317433887
309248037
315250443
312809382
310141731
288349159
316922445
316590870
311819112
311967790
311088085
316652103
311091869
316823037
314287173
315024681
317794826
317862331
316046175
309305680
305691213
318100962
317915077
317986030
316078946
317957934
317390380
318268108
317733569
313478544
318274435
312658495
315793261
318109599
304609679
317114655
317932584
316175111
318222348
316924644
314363869
313785664
317336656
317926784
316323966
313875444
318152703
309191564
294237716
317310342
318119753
316522117
310130320
295761626
317831344
317039352
315158546
317299321
316770073
317970809
309119214
318081091
318180549
316985117
317788646
316255494
318060051
312770421
317460071
317794467
311436949
313306161
314694887
314936883
318147248
315958343
317889578
318100219
310232026
313446860
318094391
311292402
317492026
313227204
312379922
309122182
317188507
316325941
316369581
316237437
318050913
313652575
309069077
308476581
317535141
315150958
311353665
317862253
317889312
313466216
310208717
316901139
315856227
313300513
317085050
312113828
318017609
317339753
318266355
317004541
316750931
316890748
318276898
315615883
307220551
302800034
318170722
312934799
317636577
316168409
318101612
310541158
317817152
310177094
318179033
318200193
317434589
311735137
314265702
315354012
310680298
318253086
291758916
317568239
317674183
318244786
291435428
314882948
315917963
317958694
308464018
309991294
316766329
317299927
315612640
309205699
318040592
317831340
317039357
318190038
306555064
317846869
304954665
313000593
307881045
314917570
316881417
315907536
314692292
317727437
312683423
313187123
315571417
298842096
314771626
317873405
293346208
317836875
288221248
307681582
318271195
317261727
308097381
300934595
316019261
312400935
295565919
317330025
311845561
309559679
316777797
310670716
317816794
316563732
313654050
318225794
294133851
295447137
311007412
317315617
317523650
317015407
315763614
310558871
317784602
299518628
318225683
316482012
317024788
317231683
289904292
317767434
316556910
317690610
312020991
316567106
318026223
316509453
317854208
311905958
317340561
317852739
317611805
315838158
317609428
317765195
314917606
315792855
315523662
317831341
317039329
316396851
317041426
317077861
306932721
317312401
317214232
317875085
317607053
317787977
317050375
316625727
317237292
316215907
316700138
314917584
316818170
301992837
317403472
312837041
317664060
317872926
317127783
317127786
318158935
317550118
316215952
316924044
308193873
316215935
316947778
317557658
